-1.5 -1.45238095238095
-1.5 -1.4047619047619
-1.5 -1.35714285714286
-1.5 -1.30952380952381
-1.5 -1.26190476190476
-1.5 -1.21428571428571
-1.5 -1.16666666666667
-1.5 -1.11904761904762
-1.5 -1.07142857142857
-1.5 -1.02380952380952
-1.5 -0.976190476190476
-1.5 -0.928571428571429
-1.5 -0.880952380952381
-1.5 -0.833333333333333
-1.5 -0.785714285714286
-1.5 -0.738095238095238
-1.5 -0.69047619047619
-1.5 -0.642857142857143
-1.5 -0.595238095238095
-1.5 -0.547619047619048
-1.5 -0.5
-1.5 -0.452380952380952
-1.5 -0.404761904761905
-1.5 -0.357142857142857
-1.5 -0.30952380952381
-1.5 -0.261904761904762
-1.5 -0.214285714285714
-1.5 -0.166666666666667
-1.5 -0.119047619047619
-1.5 -0.0714285714285714
-1.5 -0.0238095238095237
-1.5 0.0238095238095238
-1.5 0.0714285714285715
-1.5 0.119047619047619
-1.5 0.166666666666667
-1.5 0.214285714285714
-1.5 0.261904761904762
-1.5 0.30952380952381
-1.5 0.357142857142857
-1.5 0.404761904761905
-1.5 0.452380952380952
-1.5 0.5
-1.5 0.547619047619048
-1.5 0.595238095238095
-1.5 0.642857142857143
-1.5 0.69047619047619
-1.5 0.738095238095238
-1.5 0.785714285714286
-1.5 0.833333333333333
-1.5 0.880952380952381
-1.5 0.928571428571429
-1.5 0.976190476190476
-1.5 1.02380952380952
-1.5 1.07142857142857
-1.5 1.11904761904762
-1.5 1.16666666666667
-1.5 1.21428571428571
-1.5 1.26190476190476
-1.5 1.30952380952381
-1.5 1.35714285714286
-1.5 1.4047619047619
-1.5 1.45238095238095
-1.5 1.5
-1.45238095238095 1.5
-1.4047619047619 1.5
-1.35714285714286 1.5
-1.30952380952381 1.5
-1.26190476190476 1.5
-1.21428571428571 1.5
-1.16666666666667 1.5
-1.11904761904762 1.5
-1.07142857142857 1.5
-1.02380952380952 1.5
-0.976190476190476 1.5
-0.928571428571429 1.5
-0.880952380952381 1.5
-0.833333333333333 1.5
-0.785714285714286 1.5
-0.738095238095238 1.5
-0.69047619047619 1.5
-0.642857142857143 1.5
-0.595238095238095 1.5
-0.547619047619048 1.5
-0.5 1.5
-0.5 1.45238095238095
-0.5 1.4047619047619
-0.5 1.35714285714286
-0.5 1.30952380952381
-0.5 1.26190476190476
-0.5 1.21428571428571
-0.5 1.16666666666667
-0.5 1.11904761904762
-0.5 1.07142857142857
-0.5 1.02380952380952
-0.5 0.976190476190476
-0.5 0.928571428571429
-0.5 0.880952380952381
-0.5 0.833333333333333
-0.5 0.785714285714286
-0.5 0.738095238095238
-0.5 0.69047619047619
-0.5 0.642857142857143
-0.5 0.595238095238095
-0.5 0.547619047619048
-0.5 0.5
-0.452380952380952 0.5
-0.404761904761905 0.5
-0.357142857142857 0.5
-0.30952380952381 0.5
-0.261904761904762 0.5
-0.214285714285714 0.5
-0.166666666666667 0.5
-0.119047619047619 0.5
-0.0714285714285714 0.5
-0.0238095238095237 0.5
0.0238095238095238 0.5
0.0714285714285715 0.5
0.119047619047619 0.5
0.166666666666667 0.5
0.214285714285714 0.5
0.261904761904762 0.5
0.30952380952381 0.5
0.357142857142857 0.5
0.404761904761905 0.5
0.452380952380952 0.5
0.5 0.5
0.5 0.547619047619048
0.5 0.595238095238095
0.5 0.642857142857143
0.5 0.69047619047619
0.5 0.738095238095238
0.5 0.785714285714286
0.5 0.833333333333333
0.5 0.880952380952381
0.5 0.928571428571429
0.5 0.976190476190476
0.5 1.02380952380952
0.5 1.07142857142857
0.5 1.11904761904762
0.5 1.16666666666667
0.5 1.21428571428571
0.5 1.26190476190476
0.5 1.30952380952381
0.5 1.35714285714286
0.5 1.4047619047619
0.5 1.45238095238095
0.5 1.5
0.547619047619048 1.5
0.595238095238095 1.5
0.642857142857143 1.5
0.69047619047619 1.5
0.738095238095238 1.5
0.785714285714286 1.5
0.833333333333333 1.5
0.880952380952381 1.5
0.928571428571429 1.5
0.976190476190476 1.5
1.02380952380952 1.5
1.07142857142857 1.5
1.11904761904762 1.5
1.16666666666667 1.5
1.21428571428571 1.5
1.26190476190476 1.5
1.30952380952381 1.5
1.35714285714286 1.5
1.4047619047619 1.5
1.45238095238095 1.5
1.5 1.5
1.5 1.45238095238095
1.5 1.4047619047619
1.5 1.35714285714286
1.5 1.30952380952381
1.5 1.26190476190476
1.5 1.21428571428571
1.5 1.16666666666667
1.5 1.11904761904762
1.5 1.07142857142857
1.5 1.02380952380952
1.5 0.976190476190476
1.5 0.928571428571429
1.5 0.880952380952381
1.5 0.833333333333333
1.5 0.785714285714286
1.5 0.738095238095238
1.5 0.69047619047619
1.5 0.642857142857143
1.5 0.595238095238095
1.5 0.547619047619048
1.5 0.5
1.5 0.452380952380952
1.5 0.404761904761905
1.5 0.357142857142857
1.5 0.30952380952381
1.5 0.261904761904762
1.5 0.214285714285714
1.5 0.166666666666667
1.5 0.119047619047619
1.5 0.0714285714285714
1.5 0.0238095238095237
1.5 -0.0238095238095238
1.5 -0.0714285714285715
1.5 -0.119047619047619
1.5 -0.166666666666667
1.5 -0.214285714285714
1.5 -0.261904761904762
1.5 -0.30952380952381
1.5 -0.357142857142857
1.5 -0.404761904761905
1.5 -0.452380952380952
1.5 -0.5
1.5 -0.547619047619048
1.5 -0.595238095238095
1.5 -0.642857142857143
1.5 -0.69047619047619
1.5 -0.738095238095238
1.5 -0.785714285714286
1.5 -0.833333333333333
1.5 -0.880952380952381
1.5 -0.928571428571429
1.5 -0.976190476190476
1.5 -1.02380952380952
1.5 -1.07142857142857
1.5 -1.11904761904762
1.5 -1.16666666666667
1.5 -1.21428571428571
1.5 -1.26190476190476
1.5 -1.30952380952381
1.5 -1.35714285714286
1.5 -1.4047619047619
1.5 -1.45238095238095
1.5 -1.5
1.45238095238095 -1.5
1.4047619047619 -1.5
1.35714285714286 -1.5
1.30952380952381 -1.5
1.26190476190476 -1.5
1.21428571428571 -1.5
1.16666666666667 -1.5
1.11904761904762 -1.5
1.07142857142857 -1.5
1.02380952380952 -1.5
0.976190476190476 -1.5
0.928571428571429 -1.5
0.880952380952381 -1.5
0.833333333333333 -1.5
0.785714285714286 -1.5
0.738095238095238 -1.5
0.69047619047619 -1.5
0.642857142857143 -1.5
0.595238095238095 -1.5
0.547619047619048 -1.5
0.5 -1.5
0.5 -1.45238095238095
0.5 -1.4047619047619
0.5 -1.35714285714286
0.5 -1.30952380952381
0.5 -1.26190476190476
0.5 -1.21428571428571
0.5 -1.16666666666667
0.5 -1.11904761904762
0.5 -1.07142857142857
0.5 -1.02380952380952
0.5 -0.976190476190476
0.5 -0.928571428571429
0.5 -0.880952380952381
0.5 -0.833333333333333
0.5 -0.785714285714286
0.5 -0.738095238095238
0.5 -0.69047619047619
0.5 -0.642857142857143
0.5 -0.595238095238095
0.5 -0.547619047619048
0.5 -0.5
0.452380952380952 -0.5
0.404761904761905 -0.5
0.357142857142857 -0.5
0.30952380952381 -0.5
0.261904761904762 -0.5
0.214285714285714 -0.5
0.166666666666667 -0.5
0.119047619047619 -0.5
0.0714285714285714 -0.5
0.0238095238095237 -0.5
-0.0238095238095238 -0.5
-0.0714285714285715 -0.5
-0.119047619047619 -0.5
-0.166666666666667 -0.5
-0.214285714285714 -0.5
-0.261904761904762 -0.5
-0.30952380952381 -0.5
-0.357142857142857 -0.5
-0.404761904761905 -0.5
-0.452380952380952 -0.5
-0.5 -0.5
-0.5 -0.547619047619048
-0.5 -0.595238095238095
-0.5 -0.642857142857143
-0.5 -0.69047619047619
-0.5 -0.738095238095238
-0.5 -0.785714285714286
-0.5 -0.833333333333333
-0.5 -0.880952380952381
-0.5 -0.928571428571429
-0.5 -0.976190476190476
-0.5 -1.02380952380952
-0.5 -1.07142857142857
-0.5 -1.11904761904762
-0.5 -1.16666666666667
-0.5 -1.21428571428571
-0.5 -1.26190476190476
-0.5 -1.30952380952381
-0.5 -1.35714285714286
-0.5 -1.4047619047619
-0.5 -1.45238095238095
-0.5 -1.5
-0.547619047619048 -1.5
-0.595238095238095 -1.5
-0.642857142857143 -1.5
-0.69047619047619 -1.5
-0.738095238095238 -1.5
-0.785714285714286 -1.5
-0.833333333333333 -1.5
-0.880952380952381 -1.5
-0.928571428571429 -1.5
-0.976190476190476 -1.5
-1.02380952380952 -1.5
-1.07142857142857 -1.5
-1.11904761904762 -1.5
-1.16666666666667 -1.5
-1.21428571428571 -1.5
-1.26190476190476 -1.5
-1.30952380952381 -1.5
-1.35714285714286 -1.5
-1.4047619047619 -1.5
-1.45238095238095 -1.5
-1.5 -1.5
