0.935820459180425 0.202455848109449
0.920584402065696 0.19138620465648
0.905348344950967 0.180316561203511
0.890112287836238 0.169246917750542
0.874876230721509 0.158177274297572
0.85964017360678 0.147107630844603
0.844404116492051 0.136037987391634
0.829168059377322 0.124968343938665
0.813932002262593 0.113898700485696
0.798695945147864 0.102829057032726
0.783459888033135 0.091759413579757
0.768223830918406 0.0806897701267878
0.752987773803677 0.0696201266738186
0.737751716688948 0.0585504832208494
0.722515659574219 0.0474808397678802
0.70727960245949 0.036411196314911
0.692043545344761 0.0253415528619417
0.676807488230032 0.0142719094089725
0.661571431115303 0.00320226595600326
0.646335374000575 -0.00786737749696598
0.631099316885845 -0.0189370209499352
0.615863259771116 -0.0300066644029044
0.600627202656387 -0.0410763078558737
0.585391145541658 -0.0521459513088429
0.570155088426929 -0.0632155947618122
0.5549190313122 -0.0742852382147814
0.539682974197471 -0.0853548816677506
0.524446917082742 -0.0964245251207199
0.509210859968014 -0.107494168573689
0.493974802853285 -0.118563812026658
0.478738745738556 -0.129633455479627
0.463502688623827 -0.140703098932597
0.448266631509098 -0.151772742385566
0.433030574394369 -0.162842385838535
0.41779451727964 -0.173912029291504
0.402558460164911 -0.184981672744474
0.387322403050182 -0.196051316197443
0.372086345935453 -0.207120959650412
0.356850288820724 -0.218190603103381
0.341614231705995 -0.229260246556351
0.326378174591266 -0.24032989000932
0.311142117476537 -0.251399533462289
0.295906060361808 -0.262469176915258
0.280670003247079 -0.273538820368228
0.26543394613235 -0.284608463821197
0.250197889017621 -0.295678107274166
0.234961831902892 -0.306747750727135
0.219725774788163 -0.317817394180104
0.204489717673434 -0.328887037633074
0.189253660558705 -0.339956681086043
0.174017603443976 -0.351026324539012
0.158781546329247 -0.362095967991981
0.143545489214518 -0.373165611444951
0.128309432099789 -0.38423525489792
0.11307337498506 -0.395304898350889
0.0978373178703311 -0.406374541803858
0.0826012607556021 -0.417444185256827
0.0673652036408732 -0.428513828709797
0.0521291465261442 -0.439583472162766
0.0368930894114152 -0.450653115615735
0.0216570322966861 -0.461722759068704
0.00642097518195717 -0.472792402521674
-0.00881508193277181 -0.483862045974643
-0.0240511390475008 -0.494931689427612
-0.0392871961622298 -0.506001332880581
-0.0545232532769587 -0.51707097633355
-0.0697593103916877 -0.52814061978652
-0.0849953675064167 -0.539210263239489
-0.100231424621146 -0.550279906692458
-0.115467481735875 -0.561349550145427
-0.130703538850604 -0.572419193598397
-0.145939595965333 -0.583488837051366
-0.161175653080062 -0.594558480504335
-0.176411710194791 -0.605628123957304
-0.19164776730952 -0.616697767410274
-0.206883824424249 -0.627767410863243
-0.222119881538977 -0.638837054316212
-0.237355938653706 -0.649906697769181
-0.252591995768435 -0.660976341222151
-0.267828052883164 -0.67204598467512
-0.283064109997893 -0.683115628128089
-0.298300167112622 -0.694185271581058
-0.313536224227351 -0.705254915034027
-0.32877228134208 -0.716324558486997
-0.344008338456809 -0.727394201939966
-0.359244395571538 -0.738463845392935
-0.374480452686267 -0.749533488845904
-0.389716509800996 -0.760603132298874
-0.404952566915725 -0.771672775751843
-0.420188624030454 -0.782742419204812
-0.435424681145183 -0.793812062657781
-0.450660738259912 -0.80488170611075
-0.465896795374641 -0.81595134956372
-0.48113285248937 -0.827020993016689
-0.496368909604099 -0.838090636469658
-0.511604966718828 -0.849160279922627
-0.526841023833557 -0.860229923375597
-0.542077080948286 -0.871299566828566
-0.557313138063015 -0.882369210281535
-0.572549195177744 -0.893438853734504
-0.587785252292473 -0.904508497187474
-0.581965596329181 -0.886597437837227
-0.576145940365889 -0.86868637848698
-0.570326284402598 -0.850775319136733
-0.564506628439306 -0.832864259786486
-0.558686972476014 -0.814953200436239
-0.552867316512722 -0.797042141085992
-0.54704766054943 -0.779131081735745
-0.541228004586139 -0.761220022385498
-0.535408348622847 -0.743308963035251
-0.529588692659555 -0.725397903685004
-0.523769036696263 -0.707486844334757
-0.517949380732971 -0.68957578498451
-0.51212972476968 -0.671664725634263
-0.506310068806388 -0.653753666284016
-0.500490412843096 -0.635842606933769
-0.494670756879804 -0.617931547583522
-0.488851100916512 -0.600020488233275
-0.483031444953221 -0.582109428883028
-0.477211788989929 -0.564198369532781
-0.471392133026637 -0.546287310182534
-0.465572477063345 -0.528376250832287
-0.459752821100053 -0.51046519148204
-0.453933165136762 -0.492554132131793
-0.44811350917347 -0.474643072781546
-0.442293853210178 -0.456732013431299
-0.436474197246886 -0.438820954081052
-0.430654541283594 -0.420909894730805
-0.424834885320303 -0.402998835380558
-0.419015229357011 -0.385087776030311
-0.413195573393719 -0.367176716680064
-0.407375917430427 -0.349265657329817
-0.401556261467136 -0.33135459797957
-0.395736605503844 -0.313443538629323
-0.389916949540552 -0.295532479279076
-0.38409729357726 -0.277621419928828
-0.378277637613968 -0.259710360578582
-0.372457981650677 -0.241799301228335
-0.366638325687385 -0.223888241878088
-0.360818669724093 -0.205977182527841
-0.354999013760801 -0.188066123177594
-0.349179357797509 -0.170155063827347
-0.343359701834217 -0.1522440044771
-0.337540045870926 -0.134332945126853
-0.331720389907634 -0.116421885776606
-0.325900733944342 -0.0985108264263586
-0.32008107798105 -0.0805997670761116
-0.314261422017759 -0.0626887077258645
-0.308441766054467 -0.0447776483756176
-0.302622110091175 -0.0268665890253705
-0.296802454127883 -0.00895552967512359
-0.290982798164591 0.00895552967512347
-0.2851631422013 0.0268665890253704
-0.279343486238008 0.0447776483756175
-0.273523830274716 0.0626887077258644
-0.267704174311424 0.0805997670761114
-0.261884518348132 0.0985108264263584
-0.256064862384841 0.116421885776605
-0.250245206421549 0.134332945126852
-0.244425550458257 0.152244004477099
-0.238605894494965 0.170155063827346
-0.232786238531673 0.188066123177593
-0.226966582568382 0.20597718252784
-0.22114692660509 0.223888241878087
-0.215327270641798 0.241799301228334
-0.209507614678506 0.259710360578581
-0.203687958715214 0.277621419928828
-0.197868302751923 0.295532479279075
-0.192048646788631 0.313443538629323
-0.186228990825339 0.331354597979569
-0.180409334862047 0.349265657329816
-0.174589678898755 0.367176716680063
-0.168770022935464 0.38508777603031
-0.162950366972172 0.402998835380557
-0.15713071100888 0.420909894730804
-0.151311055045588 0.438820954081051
-0.145491399082296 0.456732013431298
-0.139671743119005 0.474643072781545
-0.133852087155713 0.492554132131792
-0.128032431192421 0.51046519148204
-0.122212775229129 0.528376250832286
-0.116393119265837 0.546287310182533
-0.110573463302546 0.56419836953278
-0.104753807339254 0.582109428883028
-0.098934151375962 0.600020488233274
-0.0931144954126702 0.617931547583521
-0.0872948394493784 0.635842606933768
-0.0814751834860866 0.653753666284016
-0.0756555275227948 0.671664725634262
-0.069835871559503 0.689575784984509
-0.0640162155962112 0.707486844334757
-0.0581965596329194 0.725397903685003
-0.0523769036696277 0.743308963035251
-0.0465572477063359 0.761220022385497
-0.0407375917430441 0.779131081735745
-0.0349179357797523 0.797042141085991
-0.0290982798164605 0.814953200436239
-0.0232786238531687 0.832864259786485
-0.0174589678898769 0.850775319136733
-0.0116393119265851 0.868686378486979
-0.00581965596329327 0.886597437837227
-1.47019513961341e-15 0.904508497187474
0.00581965596329037 0.886597437837227
0.0116393119265823 0.86868637848698
0.0174589678898741 0.850775319136733
0.0232786238531659 0.832864259786486
0.0290982798164577 0.814953200436239
0.0349179357797496 0.797042141085992
0.0407375917430415 0.779131081735745
0.0465572477063333 0.761220022385498
0.0523769036696251 0.743308963035251
0.0581965596329169 0.725397903685004
0.0640162155962087 0.707486844334757
0.0698358715595007 0.68957578498451
0.0756555275227925 0.671664725634263
0.0814751834860843 0.653753666284016
0.0872948394493761 0.635842606933769
0.093114495412668 0.617931547583522
0.0989341513759598 0.600020488233275
0.104753807339252 0.582109428883028
0.110573463302543 0.564198369532781
0.116393119265835 0.546287310182534
0.122212775229127 0.528376250832287
0.128032431192419 0.51046519148204
0.133852087155711 0.492554132131793
0.139671743119003 0.474643072781546
0.145491399082294 0.456732013431299
0.151311055045586 0.438820954081052
0.157130711008878 0.420909894730805
0.16295036697217 0.402998835380558
0.168770022935462 0.385087776030311
0.174589678898754 0.367176716680064
0.180409334862046 0.349265657329817
0.186228990825337 0.33135459797957
0.192048646788629 0.313443538629323
0.197868302751921 0.295532479279076
0.203687958715213 0.277621419928828
0.209507614678505 0.259710360578582
0.215327270641797 0.241799301228335
0.221146926605088 0.223888241878088
0.22696658256838 0.205977182527841
0.232786238531672 0.188066123177594
0.238605894494964 0.170155063827347
0.244425550458256 0.1522440044771
0.250245206421548 0.134332945126853
0.256064862384839 0.116421885776606
0.261884518348131 0.0985108264263586
0.267704174311423 0.0805997670761116
0.273523830274715 0.0626887077258645
0.279343486238007 0.0447776483756176
0.285163142201299 0.0268665890253705
0.29098279816459 0.00895552967512359
0.296802454127882 -0.00895552967512347
0.302622110091174 -0.0268665890253704
0.308441766054466 -0.0447776483756175
0.314261422017758 -0.0626887077258644
0.32008107798105 -0.0805997670761114
0.325900733944341 -0.0985108264263584
0.331720389907633 -0.116421885776605
0.337540045870925 -0.134332945126852
0.343359701834217 -0.152244004477099
0.349179357797509 -0.170155063827346
0.354999013760801 -0.188066123177593
0.360818669724092 -0.20597718252784
0.366638325687384 -0.223888241878087
0.372457981650676 -0.241799301228334
0.378277637613968 -0.259710360578581
0.38409729357726 -0.277621419928828
0.389916949540552 -0.295532479279075
0.395736605503843 -0.313443538629323
0.401556261467135 -0.331354597979569
0.407375917430427 -0.349265657329816
0.413195573393719 -0.367176716680063
0.419015229357011 -0.38508777603031
0.424834885320303 -0.402998835380557
0.430654541283594 -0.420909894730804
0.436474197246886 -0.438820954081051
0.442293853210178 -0.456732013431298
0.44811350917347 -0.474643072781545
0.453933165136762 -0.492554132131792
0.459752821100054 -0.51046519148204
0.465572477063345 -0.528376250832286
0.471392133026637 -0.546287310182533
0.477211788989929 -0.56419836953278
0.483031444953221 -0.582109428883028
0.488851100916513 -0.600020488233274
0.494670756879805 -0.617931547583521
0.500490412843096 -0.635842606933768
0.506310068806388 -0.653753666284016
0.51212972476968 -0.671664725634262
0.517949380732972 -0.689575784984509
0.523769036696264 -0.707486844334757
0.529588692659556 -0.725397903685003
0.535408348622847 -0.743308963035251
0.541228004586139 -0.761220022385497
0.547047660549431 -0.779131081735745
0.552867316512723 -0.797042141085991
0.558686972476015 -0.814953200436239
0.564506628439307 -0.832864259786485
0.570326284402598 -0.850775319136733
0.57614594036589 -0.868686378486979
0.581965596329182 -0.886597437837227
0.587785252292474 -0.904508497187474
0.572549195177745 -0.893438853734504
0.557313138063016 -0.882369210281535
0.542077080948287 -0.871299566828566
0.526841023833558 -0.860229923375596
0.511604966718829 -0.849160279922627
0.4963689096041 -0.838090636469658
0.481132852489371 -0.827020993016689
0.465896795374642 -0.815951349563719
0.450660738259913 -0.80488170611075
0.435424681145184 -0.793812062657781
0.420188624030455 -0.782742419204812
0.404952566915726 -0.771672775751842
0.389716509800997 -0.760603132298873
0.374480452686268 -0.749533488845904
0.359244395571539 -0.738463845392935
0.34400833845681 -0.727394201939965
0.328772281342081 -0.716324558486996
0.313536224227352 -0.705254915034027
0.298300167112623 -0.694185271581057
0.283064109997894 -0.683115628128088
0.267828052883165 -0.672045984675119
0.252591995768436 -0.66097634122215
0.237355938653707 -0.649906697769181
0.222119881538978 -0.638837054316211
0.206883824424249 -0.627767410863242
0.19164776730952 -0.616697767410273
0.176411710194791 -0.605628123957303
0.161175653080062 -0.594558480504334
0.145939595965333 -0.583488837051365
0.130703538850604 -0.572419193598396
0.115467481735875 -0.561349550145426
0.100231424621146 -0.550279906692457
0.0849953675064173 -0.539210263239488
0.0697593103916884 -0.528140619786519
0.0545232532769594 -0.517070976333549
0.0392871961622303 -0.50600133288058
0.0240511390475013 -0.494931689427611
0.00881508193277236 -0.483862045974642
-0.00642097518195661 -0.472792402521672
-0.0216570322966856 -0.461722759068703
-0.0368930894114147 -0.450653115615734
-0.0521291465261436 -0.439583472162765
-0.0673652036408726 -0.428513828709795
-0.0826012607556016 -0.417444185256826
-0.0978373178703306 -0.406374541803857
-0.11307337498506 -0.395304898350888
-0.128309432099789 -0.384235254897918
-0.143545489214518 -0.373165611444949
-0.158781546329247 -0.36209596799198
-0.174017603443976 -0.351026324539011
-0.189253660558705 -0.339956681086041
-0.204489717673433 -0.328887037633072
-0.219725774788162 -0.317817394180103
-0.234961831902891 -0.306747750727134
-0.250197889017621 -0.295678107274164
-0.265433946132349 -0.284608463821195
-0.280670003247078 -0.273538820368226
-0.295906060361807 -0.262469176915257
-0.311142117476536 -0.251399533462287
-0.326378174591265 -0.240329890009318
-0.341614231705994 -0.229260246556349
-0.356850288820723 -0.21819060310338
-0.372086345935452 -0.20712095965041
-0.387322403050181 -0.196051316197441
-0.40255846016491 -0.184981672744472
-0.417794517279639 -0.173912029291502
-0.433030574394368 -0.162842385838533
-0.448266631509097 -0.151772742385564
-0.463502688623826 -0.140703098932595
-0.478738745738555 -0.129633455479625
-0.493974802853284 -0.118563812026656
-0.509210859968013 -0.107494168573687
-0.524446917082742 -0.0964245251207176
-0.539682974197471 -0.0853548816677484
-0.5549190313122 -0.0742852382147792
-0.570155088426929 -0.0632155947618099
-0.585391145541658 -0.0521459513088406
-0.600627202656387 -0.0410763078558714
-0.615863259771116 -0.0300066644029021
-0.631099316885845 -0.0189370209499329
-0.646335374000574 -0.00786737749696362
-0.661571431115303 0.00320226595600565
-0.676807488230032 0.0142719094089749
-0.692043545344761 0.0253415528619441
-0.70727960245949 0.0364111963149134
-0.722515659574219 0.0474808397678827
-0.737751716688948 0.0585504832208519
-0.752987773803677 0.0696201266738212
-0.768223830918406 0.0806897701267904
-0.783459888033135 0.0917594135797597
-0.798695945147864 0.102829057032729
-0.813932002262593 0.113898700485698
-0.829168059377322 0.124968343938667
-0.844404116492051 0.136037987391637
-0.85964017360678 0.147107630844606
-0.874876230721509 0.158177274297575
-0.890112287836238 0.169246917750544
-0.905348344950967 0.180316561203514
-0.920584402065696 0.191386204656483
-0.935820459180425 0.202455848109452
-0.951056516295154 0.213525491562422
-0.93222371399228 0.213525491562422
-0.913390911689405 0.213525491562421
-0.894558109386531 0.213525491562421
-0.875725307083657 0.213525491562421
-0.856892504780782 0.213525491562421
-0.838059702477908 0.213525491562421
-0.819226900175034 0.213525491562421
-0.800394097872159 0.213525491562421
-0.781561295569285 0.213525491562421
-0.762728493266411 0.213525491562421
-0.743895690963536 0.213525491562421
-0.725062888660662 0.213525491562421
-0.706230086357788 0.213525491562421
-0.687397284054913 0.213525491562421
-0.668564481752039 0.213525491562421
-0.649731679449165 0.213525491562421
-0.63089887714629 0.213525491562421
-0.612066074843416 0.213525491562421
-0.593233272540541 0.213525491562421
-0.574400470237667 0.213525491562421
-0.555567667934793 0.213525491562421
-0.536734865631919 0.213525491562421
-0.517902063329044 0.213525491562421
-0.49906926102617 0.213525491562421
-0.480236458723296 0.213525491562421
-0.461403656420421 0.213525491562421
-0.442570854117547 0.213525491562421
-0.423738051814673 0.213525491562421
-0.404905249511798 0.213525491562421
-0.386072447208924 0.213525491562421
-0.367239644906049 0.213525491562421
-0.348406842603175 0.213525491562421
-0.329574040300301 0.213525491562421
-0.310741237997426 0.213525491562421
-0.291908435694552 0.213525491562421
-0.273075633391678 0.213525491562421
-0.254242831088804 0.213525491562421
-0.235410028785929 0.213525491562421
-0.216577226483055 0.213525491562421
-0.197744424180181 0.213525491562421
-0.178911621877306 0.213525491562421
-0.160078819574432 0.213525491562421
-0.141246017271558 0.213525491562421
-0.122413214968683 0.213525491562421
-0.103580412665809 0.213525491562421
-0.0847476103629344 0.213525491562421
-0.0659148080600601 0.213525491562421
-0.0470820057571858 0.213525491562421
-0.0282492034543115 0.213525491562421
-0.00941640115143716 0.213525491562421
0.00941640115143716 0.213525491562421
0.0282492034543115 0.213525491562421
0.0470820057571858 0.213525491562421
0.0659148080600602 0.213525491562421
0.0847476103629345 0.213525491562421
0.103580412665809 0.213525491562421
0.122413214968683 0.213525491562421
0.141246017271558 0.213525491562421
0.160078819574432 0.213525491562421
0.178911621877306 0.213525491562421
0.197744424180181 0.213525491562421
0.216577226483055 0.213525491562421
0.235410028785929 0.213525491562421
0.254242831088804 0.213525491562421
0.273075633391678 0.213525491562421
0.291908435694552 0.213525491562421
0.310741237997427 0.213525491562421
0.329574040300301 0.213525491562421
0.348406842603175 0.213525491562421
0.36723964490605 0.213525491562421
0.386072447208924 0.213525491562421
0.404905249511798 0.213525491562421
0.423738051814673 0.213525491562421
0.442570854117547 0.213525491562421
0.461403656420421 0.213525491562421
0.480236458723296 0.213525491562421
0.49906926102617 0.213525491562421
0.517902063329044 0.213525491562421
0.536734865631919 0.213525491562421
0.555567667934793 0.213525491562421
0.574400470237667 0.213525491562421
0.593233272540542 0.213525491562421
0.612066074843416 0.213525491562421
0.63089887714629 0.213525491562421
0.649731679449165 0.213525491562421
0.668564481752039 0.213525491562421
0.687397284054913 0.213525491562421
0.706230086357788 0.213525491562421
0.725062888660662 0.213525491562421
0.743895690963536 0.213525491562421
0.762728493266411 0.213525491562421
0.781561295569285 0.213525491562421
0.800394097872159 0.213525491562421
0.819226900175034 0.213525491562421
0.838059702477908 0.213525491562421
0.856892504780782 0.213525491562421
0.875725307083657 0.213525491562421
0.894558109386531 0.213525491562421
0.913390911689405 0.213525491562421
0.93222371399228 0.213525491562421
0.951056516295154 0.213525491562421
