-0.490196078431373 -0.416019607843137
-0.480392156862745 -0.399039215686274
-0.470588235294118 -0.382058823529412
-0.46078431372549 -0.365078431372549
-0.450980392156863 -0.348098039215686
-0.441176470588235 -0.331117647058824
-0.431372549019608 -0.314137254901961
-0.42156862745098 -0.297156862745098
-0.411764705882353 -0.280176470588235
-0.401960784313726 -0.263196078431373
-0.392156862745098 -0.24621568627451
-0.382352941176471 -0.229235294117647
-0.372549019607843 -0.212254901960784
-0.362745098039216 -0.195274509803922
-0.352941176470588 -0.178294117647059
-0.343137254901961 -0.161313725490196
-0.333333333333333 -0.144333333333333
-0.323529411764706 -0.127352941176471
-0.313725490196078 -0.110372549019608
-0.303921568627451 -0.0933921568627451
-0.294117647058824 -0.0764117647058823
-0.284313725490196 -0.0594313725490196
-0.274509803921569 -0.0424509803921569
-0.264705882352941 -0.0254705882352941
-0.254901960784314 -0.00849019607843138
-0.245098039215686 0.00849019607843138
-0.235294117647059 0.0254705882352941
-0.225490196078431 0.0424509803921568
-0.215686274509804 0.0594313725490196
-0.205882352941176 0.0764117647058823
-0.196078431372549 0.0933921568627451
-0.186274509803922 0.110372549019608
-0.176470588235294 0.127352941176471
-0.166666666666667 0.144333333333333
-0.156862745098039 0.161313725490196
-0.147058823529412 0.178294117647059
-0.137254901960784 0.195274509803922
-0.127450980392157 0.212254901960784
-0.117647058823529 0.229235294117647
-0.107843137254902 0.24621568627451
-0.0980392156862745 0.263196078431373
-0.0882352941176471 0.280176470588235
-0.0784313725490196 0.297156862745098
-0.0686274509803922 0.314137254901961
-0.0588235294117647 0.331117647058824
-0.0490196078431373 0.348098039215686
-0.0392156862745098 0.365078431372549
-0.0294117647058824 0.382058823529412
-0.0196078431372549 0.399039215686274
-0.00980392156862745 0.416019607843137
0 0.433
0.00980392156862747 0.416019607843137
0.0196078431372549 0.399039215686274
0.0294117647058824 0.382058823529412
0.0392156862745098 0.365078431372549
0.0490196078431372 0.348098039215686
0.0588235294117647 0.331117647058824
0.0686274509803921 0.314137254901961
0.0784313725490196 0.297156862745098
0.0882352941176471 0.280176470588235
0.0980392156862745 0.263196078431373
0.107843137254902 0.24621568627451
0.117647058823529 0.229235294117647
0.127450980392157 0.212254901960784
0.137254901960784 0.195274509803922
0.147058823529412 0.178294117647059
0.156862745098039 0.161313725490196
0.166666666666667 0.144333333333333
0.176470588235294 0.127352941176471
0.186274509803922 0.110372549019608
0.196078431372549 0.0933921568627451
0.205882352941176 0.0764117647058823
0.215686274509804 0.0594313725490196
0.225490196078431 0.0424509803921569
0.235294117647059 0.0254705882352941
0.245098039215686 0.00849019607843138
0.254901960784314 -0.00849019607843138
0.264705882352941 -0.0254705882352941
0.274509803921569 -0.0424509803921568
0.284313725490196 -0.0594313725490196
0.294117647058824 -0.0764117647058823
0.303921568627451 -0.0933921568627451
0.313725490196078 -0.110372549019608
0.323529411764706 -0.127352941176471
0.333333333333333 -0.144333333333333
0.343137254901961 -0.161313725490196
0.352941176470588 -0.178294117647059
0.362745098039216 -0.195274509803922
0.372549019607843 -0.212254901960784
0.382352941176471 -0.229235294117647
0.392156862745098 -0.24621568627451
0.401960784313726 -0.263196078431373
0.411764705882353 -0.280176470588235
0.42156862745098 -0.297156862745098
0.431372549019608 -0.314137254901961
0.441176470588235 -0.331117647058824
0.450980392156863 -0.348098039215686
0.46078431372549 -0.365078431372549
0.470588235294118 -0.382058823529412
0.480392156862745 -0.399039215686274
0.490196078431373 -0.416019607843137
0.5 -0.433
0.480392156862745 -0.433
0.46078431372549 -0.433
0.441176470588235 -0.433
0.42156862745098 -0.433
0.401960784313726 -0.433
0.382352941176471 -0.433
0.362745098039216 -0.433
0.343137254901961 -0.433
0.323529411764706 -0.433
0.303921568627451 -0.433
0.284313725490196 -0.433
0.264705882352941 -0.433
0.245098039215686 -0.433
0.225490196078431 -0.433
0.205882352941176 -0.433
0.186274509803922 -0.433
0.166666666666667 -0.433
0.147058823529412 -0.433
0.127450980392157 -0.433
0.107843137254902 -0.433
0.0882352941176471 -0.433
0.0686274509803921 -0.433
0.0490196078431373 -0.433
0.0294117647058824 -0.433
0.00980392156862742 -0.433
-0.00980392156862747 -0.433
-0.0294117647058824 -0.433
-0.0490196078431372 -0.433
-0.0686274509803921 -0.433
-0.0882352941176471 -0.433
-0.107843137254902 -0.433
-0.127450980392157 -0.433
-0.147058823529412 -0.433
-0.166666666666667 -0.433
-0.186274509803922 -0.433
-0.205882352941176 -0.433
-0.225490196078431 -0.433
-0.245098039215686 -0.433
-0.264705882352941 -0.433
-0.284313725490196 -0.433
-0.303921568627451 -0.433
-0.323529411764706 -0.433
-0.343137254901961 -0.433
-0.362745098039216 -0.433
-0.382352941176471 -0.433
-0.401960784313726 -0.433
-0.42156862745098 -0.433
-0.441176470588235 -0.433
-0.46078431372549 -0.433
-0.480392156862745 -0.433
-0.5 -0.433
