0 7.5370664958657
0.000503365998346545 7.55748296405302
0.00402090979321222 7.61849185098036
0.0135367766700817 7.71937449726373
0.0319753191464233 7.85894274305146
0.0621718787789455 8.03555319980625
0.10684437497946 8.24712695905445
0.168565958539579 8.49117447112002
0.249738978006963 8.76482525730315
0.352570495270665 9.06486205430823
0.479049572805943 9.38775893090746
0.630926539124461 9.72972286469337
0.809694421216636 10.0867382220709
1.01657271331834 10.4546135480023
1.25249363035857 10.8290300439556
1.51809097213618 11.2055910934072
1.81369170083255 11.5798721843497
2.13931031010282 11.9474705776787
2.49464603892029 12.3040540790345
2.87908295780087 12.6454082894932
3.2916929292363 12.96748173713
3.7312414183484 13.2664283264764
4.19619610417145 13.5386465857036
4.68473821680812 13.780815241309
5.19477650120954 13.9899247063828
5.72396368472277 14.1633041303114
6.26971530304149 14.2986437240886
6.82923071798809 14.39401214523
7.39951614084006 14.4478687985696
7.9774094568653 14.4590709828573
8.55960663051357 14.4268758869668
9.1426894564681 14.3509375125611
9.72315440962249 14.2312986711587
10.2974423371201 14.0683782716464
10.8619687279674 13.862954178404
11.4131542904749 13.6161419793993
11.9474555649405 13.329370057043
12.4613952985918 13.0043514014962
12.9515923118515 12.6430526458581
13.4147905894671 12.2476608346814
13.8478873369085 11.8205484611723
14.247959751628 11.3642373239267
14.612290270209 10.8813617609999
14.9383900660068 10.3746318174743
15.2240205874781 9.84679689259387
15.467212944871 9.30061039422668
15.6662849721473 8.73879590226157
15.8198558117562 8.16401530903353
15.9268578919966 7.57883936461057
15.9865461899871 6.98572100845896
15.9985046975038 6.38697181742829
15.96265003193 5.78474184403004
15.8792321600629 5.18100305955178
15.7488322283112 4.57753655463177
15.5723575186662 3.97592358652163
15.3510335755019 3.37754049841267
15.0863935735318 2.78355747291374
14.7802650218878 2.19494102005135
14.4347539230776 1.61246004098509
14.0522265282996 1.03669525291569
13.6352888520538 0.46805170926865
13.1867641289813 -0.0932258970552899
12.7096684142235 -0.64703550006613
12.2071845451459 -1.19339788351323
11.6826346968718 -1.73243527418709
11.1394517765894 -2.26434873969988
10.5811499119208 -2.78939483722463
10.0112942966742 -3.30786196451986
9.43347066297952 -3.82004686178446
8.85125465206992 -4.32623170259919
8.26818135680248 -4.82666219466103
7.68771530738585 -5.32152708656697
7.11322116773271 -5.81093944602619
6.54793540340528 -6.29492003814961
5.99493917333487 -6.77338309054997
5.45713268645137 -7.24612468563207
4.93721125115219 -7.7128139704781
4.43764323029305 -8.1729873220084
3.9606500972308 -8.6260455505337
3.50818876954563 -9.0712541693478
3.08193637658521 -9.507746702586
2.68327759509181 -9.9345309491282
2.31329466408959 -10.3504980677856
1.97276016613157 -10.7544342992405
1.66213263714941 -11.1450350940558
1.38155504173733 -11.5209213742891
1.13085612496189 -11.8806576195247
0.909554625952766 -12.222771437083
0.716866312828307 -12.5457742512678
0.55171377317303 -12.8481827281816
0.412738869540479 -13.1285405411433
0.298317745525279 -13.385440077266
0.206578245047679 -13.6175436883244
0.135419585827471 -13.8236040986114
0.0825341077864619 -14.0024835988437
0.045430898490883 -14.1531716780323
0.0214610808944535 -14.2748007741742
0.00784453372024281 -14.3666598591225
0.00169780195888939 -14.4282056124515
6.29442774115919e-05 -14.4590709828573
-6.29442774115943e-05 -14.4590709828573
-0.00169780195888936 -14.4282056124515
-0.00784453372024273 -14.3666598591225
-0.0214610808944534 -14.2748007741742
-0.0454308984908832 -14.1531716780323
-0.0825341077864622 -14.0024835988437
-0.135419585827471 -13.8236040986114
-0.206578245047678 -13.6175436883244
-0.298317745525278 -13.385440077266
-0.412738869540478 -13.1285405411434
-0.551713773173032 -12.8481827281816
-0.716866312828306 -12.5457742512678
-0.909554625952764 -12.222771437083
-1.13085612496189 -11.8806576195247
-1.38155504173733 -11.5209213742891
-1.66213263714941 -11.1450350940558
-1.97276016613157 -10.7544342992405
-2.31329466408959 -10.3504980677856
-2.68327759509181 -9.9345309491282
-3.08193637658521 -9.507746702586
-3.50818876954563 -9.0712541693478
-3.96065009723081 -8.6260455505337
-4.43764323029304 -8.1729873220084
-4.93721125115219 -7.7128139704781
-5.45713268645137 -7.24612468563207
-5.99493917333487 -6.77338309054998
-6.54793540340529 -6.2949200381496
-7.11322116773271 -5.81093944602619
-7.68771530738585 -5.32152708656697
-8.26818135680249 -4.82666219466102
-8.85125465206991 -4.32623170259919
-9.43347066297953 -3.82004686178446
-10.0112942966742 -3.30786196451987
-10.5811499119208 -2.78939483722463
-11.1394517765894 -2.26434873969988
-11.6826346968718 -1.73243527418709
-12.2071845451459 -1.19339788351323
-12.7096684142235 -0.64703550006614
-13.1867641289813 -0.0932258970552899
-13.6352888520538 0.46805170926865
-14.0522265282996 1.03669525291568
-14.4347539230776 1.6124600409851
-14.7802650218878 2.19494102005135
-15.0863935735318 2.78355747291373
-15.3510335755019 3.37754049841268
-15.5723575186662 3.97592358652163
-15.7488322283112 4.57753655463177
-15.8792321600629 5.18100305955178
-15.96265003193 5.78474184403004
-15.9985046975038 6.38697181742828
-15.9865461899871 6.98572100845896
-15.9268578919966 7.57883936461057
-15.8198558117562 8.16401530903352
-15.6662849721473 8.73879590226158
-15.467212944871 9.30061039422667
-15.2240205874781 9.84679689259387
-14.9383900660068 10.3746318174743
-14.612290270209 10.8813617609999
-14.247959751628 11.3642373239267
-13.8478873369085 11.8205484611723
-13.4147905894671 12.2476608346814
-12.9515923118515 12.6430526458581
-12.4613952985918 13.0043514014962
-11.9474555649405 13.329370057043
-11.4131542904749 13.6161419793993
-10.8619687279674 13.862954178404
-10.2974423371201 14.0683782716464
-9.72315440962249 14.2312986711587
-9.1426894564681 14.3509375125611
-8.55960663051357 14.4268758869668
-7.9774094568653 14.4590709828573
-7.39951614084005 14.4478687985696
-6.8292307179881 14.39401214523
-6.26971530304149 14.2986437240886
-5.72396368472277 14.1633041303114
-5.19477650120954 13.9899247063828
-4.68473821680813 13.780815241309
-4.19619610417145 13.5386465857036
-3.7312414183484 13.2664283264764
-3.29169292923631 12.96748173713
-2.87908295780087 12.6454082894932
-2.4946460389203 12.3040540790345
-2.13931031010282 11.9474705776787
-1.81369170083255 11.5798721843497
-1.51809097213618 11.2055910934072
-1.25249363035857 10.8290300439556
-1.01657271331835 10.4546135480023
-0.809694421216637 10.0867382220709
-0.63092653912446 9.72972286469337
-0.479049572805944 9.38775893090747
-0.352570495270664 9.06486205430823
-0.249738978006964 8.76482525730315
-0.16856595853958 8.49117447112002
-0.10684437497946 8.24712695905445
-0.0621718787789458 8.03555319980625
-0.0319753191464233 7.85894274305146
-0.0135367766700819 7.71937449726373
-0.00402090979321223 7.61849185098036
-0.000503365998346531 7.55748296405302
